01100001 01000111 00111001 00110011 01001001
01000111 00110001 01101000 01100010 01101110
01101011 01100111 01100010 01010111 00111001
01110101 01100100 01000111 01101000 01111010
01001001 01000111 00111001 01101101 01001001
01001000 01010010 01101111 01011010 01010011
01000010 00110101 01011010 01010111 01000110
01111001 01001001 01000111 01101000 01101000
01100100 01101101 01010101 01100111 01001101
01101010 01100111 01100111 01011010 01000111
01000110 00110101 01100011 01111010 00111000
00111101